9240 9634 9114 8069

9999 9999 9999 9999

8877 0326 2078 9241

4902 6571 7720 4253

1845 1412 0703 6838

2001 7742 7640 4780

9289 6181 0235 9797

4807 2686 0711 1185

5168 0377 0687 1075

4533 3064 9708 7307

2163 4128 5205 2836

7159 3707 8490 6721

0830 2495 8199 7579

9387 5705 2278 0982

6708 6212 1242 5659

5969 4985 2448 5851

8812 9320 9913 2055

0144 7634 7208 6059

8893 1668 7202 5143

1534 4992 0313 0393

4394 6753 2267 6514

1509 9820 5078 0120

2065 1410 4059 7089

8996 4629 5011 6563

7298 1588 1969 6675

5011 9486 7484 6938

8321 1473 2610 9510

0386 9248 9971 9500

7714 7212 7038 1202

5404 5475 8893 7546

6759 3909 8552 5202

8084 6468 9068 7358

2728 6426 3313 0071

5168 0377 0687 1070

2122 3146 4896 8105

9241 6948 3138 7100

4014 7307 4695 3300

9999 9999 9999 9993

4273 9088 1603 4108

3962 6744 0142 7153